50,35
51,3
51,2
0,9
51,1
51,0
24,1
24,3
3,1
3,3
10,69
10,135
10,293
10,259
10,287
10,85
10,195
11,6
11,12
11,9
11,18
11,16
9,7
9,5
8,8
8,16
8,5
49,3
49,2
49,1
49,0
48,3
48,2
48,1
48,0
47,3
47,2
47,1
47,0
46,4
46,3
46,2
46,1
46,0
45,4
45,3
45,2
45,1
45,0
43,4
43,3
43,2
43,1
43,0
41,4
41,3
41,2
41,1
41,0
39,4
39,3
39,2
39,1
39,0
38,4
38,3
38,2
38,1
38,0
20,3
20,2
20,1
19,3
19,2
19,1
12,3
12,2
12,1
11,30
11,29
11,28
11,27
11,26
11,25
11,24
11,23
11,22
11,21
11,17
11,15
11,14
11,11
11,10
11,5
11,3
11,2
11,1
10,315
10,314
10,313
10,312
10,311
10,310
10,309
10,308
10,307
10,306
10,305
